# for dynamic/full lists refer to: https://github.com/O-X-L/risk-db-lists/tree/main/asn
559
834
917
984
1002
1015
1101
1836
2500
3223
5626
6724
6939
7040
7203
7506
7979
8075
8100
8283
8369
8560
8646
8972
9009
9063
9123
9186
9294
9318
9335
9381
9430
9465
9583
10439
11179
11320
11426
11878
12389
12488
12552
12555
12586
12637
12695
12722
12824
12876
13030
13188
13213
13335
13737
13768
14061
14315
14576
14618
14670
14956
14987
15169
15440
15830
16003
16125
16276
16509
17426
17561
17621
17762
18229
18779
19148
19318
19527
19871
19905
19969
20454
20473
20738
20857
20860
21069
21367
21499
21859
22295
22363
22439
22552
22611
22612
22772
23033
23352
23470
23576
24348
24429
24940
24961
24994
25184
25198
25211
25369
26347
26356
26496
27176
27229
27411
27640
27823
28753
29066
29075
29302
29691
29789
29802
30092
30447
30456
30633
30823
30860
30893
31034
31103
31581
31798
31898
31936
32097
32475
32558
32613
32748
33028
33182
34011
34534
34665
34762
34788
34989
35042
35048
35369
35487
35506
35575
35830
36114
36183
36321
36352
36666
36680
37100
37611
37671
37907
37963
38107
38283
38365
38719
38955
39122
39326
39364
39486
39832
39931
40021
40065
40138
40476
40676
40861
41281
41436
41564
41608
41745
41828
42473
42612
42624
42708
42821
43037
43289
43350
43366
43431
43641
44066
44094
44477
44788
44820
44901
45090
45102
45671
45753
45903
46015
46261
46337
46475
46562
46573
46606
46844
47105
47272
47381
47544
47583
47869
47890
48090
48096
48282
48374
48693
48721
48753
48894
49434
49453
49505
49532
49544
49581
49720
49791
49870
50321
50340
50580
50599
50719
50926
51013
51115
51159
51167
51265
51290
51395
51396
51430
51468
51765
51852
52030
52053
53356
53667
54113
54290
54538
54548
54641
54994
55103
55154
55286
55293
55933
55960
55990
56005
56067
56150
56309
56655
57494
57509
57523
57578
57844
57858
58065
58087
58461
58466
58519
58542
59019
59253
59615
59711
59851
60068
60223
60404
60626
60721
60729
60781
61098
61112
61138
61157
61272
61317
62005
62160
62240
62371
62713
62744
62838
62904
63023
63199
63473
63737
63949
64425
85791
131199
131353
131413
131642
131965
132203
132280
132839
133118
133180
133380
133398
133643
133752
133774
134351
134768
135161
135375
135377
135450
135566
135629
135905
135918
135932
136170
136258
136557
136787
136907
136988
137280
137409
138195
138915
139220
139341
140227
140292
140389
140403
140443
140827
141004
141039
141201
141892
141995
142002
142403
147049
148981
149118
150862
151592
152194
152963
197450
197540
197726
197902
197922
198089
198093
198605
198651
198953
198985
198990
199218
199414
199524
199654
199785
199865
200019
200088
200161
200195
200350
200373
200636
200651
201579
201814
202015
202053
202306
202425
202448
202468
202685
203020
203446
203999
204108
204287
204770
204800
204914
204915
204928
204997
205016
205025
205100
205399
205544
205676
205876
206092
206216
206264
206281
206446
206728
206776
206804
207083
207137
207143
207252
207326
207566
207590
207957
207990
208046
208091
208208
208312
208323
208677
208843
209103
209132
209272
209605
210250
210281
210329
210538
210558
210630
210644
210848
211298
211607
211619
211632
212150
212238
212317
212441
212477
212482
212508
212531
212913
213122
213220
213230
213314
213693
213780
213790
214036
214062
214209
214238
214295
214340
214503
214576
214738
214834
214940
214943
214961
215026
215117
215127
215208
215224
215240
215436
215450
215462
215476
215479
215540
215590
215703
215766
215826
215898
215925
216071
216167
216234
216240
216246
216334
216360
265645
265919
267784
268581
270353
393960
394303
394353
394380
394711
395111
395954
396190
396356
396507
396949
396982
396986
397086
397423
398101
398324
398705
398722
399077
399486
399532
399820
399979
400175
400587
400618
400619
401115
401116
401120
401172