209
701
852
1136
1267
1299
2027
2856
3209
3215
3269
3301
3303
3320
3352
3356
3462
4134
4760
4761
4766
4800
4808
4812
4837
5280
5410
5432
5483
5607
5617
6327
6703
6730
6805
7015
7552
7713
7849
7922
8151
8368
8402
8412
8422
8447
8580
8767
9299
9318
9341
9658
9808
9829
10094
12302
12389
12494
12668
12874
12912
15468
15557
15796
15802
15808
16223
16345
16591
17501
17557
17621
17623
18403
20115
20845
21283
22363
23673
23688
23724
23969
24122
24186
24444
24560
24651
24757
24872
25106
25135
25159
25369
28573
28685
29208
29357
30722
30844
31213
31615
33130
34743
34779
34984
35807
36884
36903
36925
36926
36947
38235
38623
39010
39699
42610
44244
45758
45899
47914
49048
50266
50719
51184
51207
52361
55577
55836
56046
56048
56665
56803
57164
58466
60095
63838
131090
131111
131267
133118
133647
134761
135407
135905
136362
137853
138854
139628
139692
140292
148981
149118
151185
197207
197897
198089
206791
206988
209372
210021
215886
245604
266051
269687
327782